MIL100_H2
0 -6860.390932190220
1 -6860.386560937562
2 -6860.372947522110
3 -6860.347900590255
4 -6860.306448929876
5 -6860.247366972939
6 -6860.386865913174
7 -6860.382000210670
8
9
10
11
12

MIL100_OH_H2
0 -6934.179616854599
1 -6934.175853086918
2 -6934.166815095821
3 -6934.151146187652
4 -6934.136162658665
5 -6934.099429608197
6 -6934.17102606236
7 -6934.174830637520
8 -6934.166128720225
9 -6934.159803940187
10 -6934.130203922314
11 -6934.070916964510
12 -6934.168787164852
13 -6934.172145511109
14 -6934.150179499639
15 -6934.139579805252
16 -6934.179616854599
