MIL100_H2
0 -6860.391463210258
1 -6860.390932190220
2 -6860.389248047622
3 -6860.387030200852
4 -6860.384653459300
5 -6860.382342233492
6 -6860.380219114912
7 -6860.378343378464
8 -6860.376728336418
9 -6860.375362384130
10 -6860.368385098679
11 -6860.384304621137
12 -6860.362546865895
13 -6860.389815540823
14 -6860.372244312881

MIL100_OH_H2
0 -6934.17889895999
1 -6934.179616854599
2 -6934.179780055850
3 -6934.179735638437
4 -6934.179577235805
5 -6934.17418928113
6 -6934.172026160998
7 -6934.176370558342
8 -6934.174330078670
9 -6934.1780273198
10 -6934.180498795835
11 -6934.189220464190